%YAML:1.0
---
M1: !!opencv-matrix
   rows: 3
   cols: 3
   dt: d
   data: [ 4.1117142015990351e+02, 0., 3.1846214975400164e+02, 0.,
       4.1046138602721032e+02, 2.2713146365412439e+02, 0., 0., 1. ]
D1: !!opencv-matrix
   rows: 1
   cols: 5
   dt: d
   data: [ -1.1248142599477405e-01, 1.7608852619840017e-02,
       2.3382278159207442e-03, -2.4215486940885780e-02,
       -3.5396470628903942e-02 ]
M2: !!opencv-matrix
   rows: 3
   cols: 3
   dt: d
   data: [ 4.6887902990009195e+02, 0., 2.9745580398685541e+02, 0.,
       4.6633105471441934e+02, 2.2489758435339454e+02, 0., 0., 1. ]
D2: !!opencv-matrix
   rows: 1
   cols: 5
   dt: d
   data: [ -1.8902999912059684e-01, 3.0742533639058811e-01,
       1.9168587641938128e-03, -3.6323880386332934e-02,
       -4.8678238327318840e-01 ]
R: !!opencv-matrix
   rows: 3
   cols: 3
   dt: d
   data: [ 9.9944924000994995e-01, 4.4777540086556478e-04,
       -3.3181563265220843e-02, -4.2302565685129660e-04,
       9.9999962709165879e-01, 7.5290493223479282e-04,
       3.3181888023846973e-02, -7.3845360972618428e-04,
       9.9944905672747486e-01 ]
T: !!opencv-matrix
   rows: 3
   cols: 1
   dt: d
   data: [ -8.4363328853634158e+01, 2.5507553083368678e-01,
       5.9615924314135382e+00 ]
R1: !!opencv-matrix
   rows: 3
   cols: 3
   dt: d
   data: [ 9.9462086698402885e-01, -2.5172869118035212e-03,
       -1.0355189146772087e-01, 2.5525485726592043e-03,
       9.9999672060926093e-01, 2.0800602882009063e-04,
       1.0355102826975306e-01, -4.7120836948503651e-04,
       9.9462403073068240e-01 ]
R2: !!opencv-matrix
   rows: 3
   cols: 3
   dt: d
   data: [ 9.9750795606403830e-01, -3.0160008484883889e-03,
       -7.0489583115711116e-02, 2.9920146982628910e-03,
       9.9999542451737100e-01, -4.4586137783690096e-04,
       7.0490605310141924e-02, 2.3384440293735019e-04,
       9.9751241590258166e-01 ]
P1: !!opencv-matrix
   rows: 3
   cols: 4
   dt: d
   data: [ 4.2475829743696499e+02, 0., 3.6506253051757812e+02, 0., 0.,
       4.2475829743696499e+02, 2.2041567993164062e+02, 0., 0., 0., 1.,
       0. ]
P2: !!opencv-matrix
   rows: 3
   cols: 4
   dt: d
   data: [ 4.2475829743696499e+02, 0., 3.6506253051757812e+02,
       -3.5923546987412643e+04, 0., 4.2475829743696499e+02,
       2.2041567993164062e+02, 0., 0., 0., 1., 0. ]
Q: !!opencv-matrix
   rows: 4
   cols: 4
   dt: d
   data: [ 1., 0., 0., -3.6506253051757812e+02, 0., 1., 0.,
       -2.2041567993164062e+02, 0., 0., 0., 4.2475829743696499e+02, 0.,
       0., 1.1823952060908608e-02, 0. ]
